9.200000000000000000e+01 1.000000000000000000e+02
2.460000000000000000e+02 5.000000000000000000e+01
7.700000000000000000e+01 3.120000000000000000e+02
1.670000000000000000e+02 4.820000000000000000e+02
4.920000000000000000e+02 8.500000000000000000e+01
4.690000000000000000e+02 3.030000000000000000e+02
5.080000000000000000e+02 4.380000000000000000e+02
2.140000000000000000e+02 2.330000000000000000e+02
2.150000000000000000e+02 1.910000000000000000e+02
5.860000000000000000e+02 1.170000000000000000e+02
4.920000000000000000e+02 8.600000000000000000e+01
5.670000000000000000e+02 4.170000000000000000e+02
7.700000000000000000e+01 3.530000000000000000e+02
2.330000000000000000e+02 3.760000000000000000e+02
4.960000000000000000e+02 3.910000000000000000e+02
3.850000000000000000e+02 3.200000000000000000e+01
3.550000000000000000e+02 3.640000000000000000e+02
3.780000000000000000e+02 1.980000000000000000e+02
2.700000000000000000e+02 4.370000000000000000e+02
1.830000000000000000e+02 3.400000000000000000e+02
1.180000000000000000e+02 2.650000000000000000e+02
