9.800000000000000000e+01 1.170000000000000000e+02
2.700000000000000000e+02 5.400000000000000000e+01
1.000000000000000000e+02 3.580000000000000000e+02
2.150000000000000000e+02 5.560000000000000000e+02
5.530000000000000000e+02 9.600000000000000000e+01
5.480000000000000000e+02 3.480000000000000000e+02
6.030000000000000000e+02 5.020000000000000000e+02
2.490000000000000000e+02 2.690000000000000000e+02
2.450000000000000000e+02 2.180000000000000000e+02
6.680000000000000000e+02 1.330000000000000000e+02
5.550000000000000000e+02 9.800000000000000000e+01
6.720000000000000000e+02 4.820000000000000000e+02
1.020000000000000000e+02 4.050000000000000000e+02
2.820000000000000000e+02 4.320000000000000000e+02
5.840000000000000000e+02 4.490000000000000000e+02
4.290000000000000000e+02 3.800000000000000000e+01
4.220000000000000000e+02 4.190000000000000000e+02
4.340000000000000000e+02 2.270000000000000000e+02
3.310000000000000000e+02 5.020000000000000000e+02
2.210000000000000000e+02 3.900000000000000000e+02
1.420000000000000000e+02 3.040000000000000000e+02
